[-68.5158, -73.6708, 836.248, 1]
[-44.5351, -74.1914, 835.944, 1]
[-20.567, -74.7324, 835.718, 1]
[3.4235, -75.2689, 835.43, 1]
[27.4167, -75.7815, 835.128, 1]
[51.4173, -76.298, 834.801, 1]
[75.3958, -76.8314, 834.535, 1]
[99.3953, -77.3495, 834.243, 1]
[123.386, -77.8669, 833.923, 1]
[147.382, -78.3768, 833.629, 1]
[171.387, -78.8947, 833.372, 1]
[195.378, -79.4164, 833.115, 1]
[-67.9893, -49.7487, 838.044, 1]
[-44.0134, -50.285, 837.787, 1]
[-20.0338, -50.799, 837.467, 1]
[3.9631, -51.3451, 837.207, 1]
[27.9581, -51.8558, 836.898, 1]
[51.9538, -52.3752, 836.586, 1]
[75.9364, -52.8952, 836.3, 1]
[99.9366, -53.4169, 835.992, 1]
[123.932, -53.9405, 835.713, 1]
[147.921, -54.4581, 835.381, 1]
[171.923, -54.9615, 835.111, 1]
[195.91, -55.4972, 834.87, 1]
[-67.4735, -25.8153, 839.824, 1]
[-43.4846, -26.3596, 839.563, 1]
[-19.493, -26.8886, 839.273, 1]
[4.49955, -27.4049, 838.969, 1]
[28.4979, -27.9252, 838.642, 1]
[52.4854, -28.4315, 838.342, 1]
[76.4738, -28.9662, 838.078, 1]
[100.483, -29.4857, 837.734, 1]
[124.462, -30.0034, 837.482, 1]
[148.452, -30.5142, 837.149, 1]
[172.453, -31.0395, 836.917, 1]
[196.448, -31.5609, 836.633, 1]
[-66.9151, -1.88678, 841.533, 1]
[-42.9306, -2.42276, 841.258, 1]
[-18.9536, -2.95754, 841.026, 1]
[5.0449, -3.47336, 840.721, 1]
[29.0307, -3.99109, 840.443, 1]
[53.0403, -4.51899, 840.069, 1]
[77.0296, -5.04272, 839.746, 1]
[101.022, -5.56569, 839.498, 1]
[125.005, -6.07627, 839.182, 1]
[148.985, -6.59223, 838.946, 1]
[172.999, -7.10612, 838.643, 1]
[197.004, -7.63695, 838.396, 1]
[-66.3805, 22.0479, 843.248, 1]
[-42.4074, 21.5002, 843.017, 1]
[-18.407, 20.9833, 842.718, 1]
[5.58831, 20.4619, 842.433, 1]
[29.5958, 19.9314, 842.11, 1]
[53.5837, 19.4214, 841.816, 1]
[77.5679, 18.8902, 841.564, 1]
[101.571, 18.3802, 841.216, 1]
[125.565, 17.8462, 840.912, 1]
[149.55, 17.3376, 840.678, 1]
[173.534, 16.8199, 840.399, 1]
[197.537, 16.2997, 840.123, 1]
[-65.8367, 45.9685, 844.944, 1]
[-41.8699, 45.439, 844.746, 1]
[-17.8612, 44.9165, 844.393, 1]
[6.13718, 44.3929, 844.082, 1]
[30.133, 43.8633, 843.815, 1]
[54.1121, 43.3583, 843.563, 1]
[78.1104, 42.8211, 843.233, 1]
[102.101, 42.2974, 842.936, 1]
[126.097, 41.7788, 842.679, 1]
[150.081, 41.2598, 842.409, 1]
[174.087, 40.746, 842.114, 1]
[198.084, 40.2319, 841.837, 1]
[-65.2811, 69.8848, 846.684, 1]
[-41.2931, 69.3638, 846.444, 1]
[-17.2918, 68.8455, 846.109, 1]
[6.69423, 68.3109, 845.838, 1]
[30.6774, 67.7897, 845.576, 1]
[54.6574, 67.2798, 845.299, 1]
[78.6523, 66.7656, 844.986, 1]
[102.645, 66.2478, 844.749, 1]
[126.669, 65.7133, 844.411, 1]
[150.649, 65.189, 844.161, 1]
[174.644, 64.6767, 843.869, 1]
[198.646, 64.1375, 843.623, 1]